[general]
Name=Dracula
editor=Dark ; light, dark, custom
version=1

[style]
WindowRounding = 5.3
GrabRounding = 2.3
FrameRounding = 2.3
ScrollbarRounding = 5.0
FrameBorderSize = 1.0
ItemSpacingY = 6.5

[colors]
Text                  = 0.73333335, 0.73333335, 0.73333335, 1.00
TextDisabled          = 0.34509805, 0.34509805, 0.34509805, 1.00
WindowBg              = 0.23529413, 0.24705884, 0.25490198, 0.94
ChildBg               = 0.23529413, 0.24705884, 0.25490198, 0.00
PopupBg               = 0.23529413, 0.24705884, 0.25490198, 0.94
Border                = 0.33333334, 0.33333334, 0.33333334, 0.50
BorderShadow          = 0.15686275, 0.15686275, 0.15686275, 0.00
FrameBg               = 0.16862746, 0.16862746, 0.16862746, 0.54
FrameBgHovered        = 0.453125, 0.67578125, 0.99609375, 0.67
FrameBgActive         = 0.47058827, 0.47058827, 0.47058827, 0.67
TitleBg               = 0.04, 0.04, 0.04, 1.00
TitleBgCollapsed      = 0.16, 0.29, 0.48, 1.00
TitleBgActive         = 0.00, 0.00, 0.00, 0.51
MenuBarBg             = 0.27058825, 0.28627452, 0.2901961, 0.80
ScrollbarBg           = 0.27058825, 0.28627452, 0.2901961, 0.60
ScrollbarGrab         = 0.21960786, 0.30980393, 0.41960788, 0.51
ScrollbarGrabHovered  = 0.21960786, 0.30980393, 0.41960788, 1.00
ScrollbarGrabActive   = 0.13725491, 0.19215688, 0.2627451, 0.91
ComboBg               = 0.1, 0.1, 0.1, 0.99
CheckMark             = 0.90, 0.90, 0.90, 0.83
SliderGrab            = 0.70, 0.70, 0.70, 0.62
SliderGrabActive      = 0.30, 0.30, 0.30, 0.84
Button                = 0.33333334, 0.3529412, 0.36078432, 0.49
ButtonHovered         = 0.21960786, 0.30980393, 0.41960788, 1.00
ButtonActive          = 0.13725491, 0.19215688, 0.2627451, 1.00
Header                = 0.33333334, 0.3529412, 0.36078432, 0.53
HeaderHovered         = 0.453125, 0.67578125, 0.99609375, 0.67
HeaderActive          = 0.47058827, 0.47058827, 0.47058827, 0.67
Separator             = 0.31640625, 0.31640625, 0.31640625, 1.00
SeparatorHovered      = 0.41640625, 0.41640625, 0.41640625, 1.00
SeparatorActive       = 0.41640625, 0.41640625, 0.41640625, 1.00
ResizeGrip            = 1.00, 1.00, 1.00, 0.85
ResizeGripHovered     = 1.00, 1.00, 1.00, 0.60
ResizeGripActive      = 1.00, 1.00, 1.00, 0.90
PlotLines             = 0.61, 0.61, 0.61, 1.00
PlotLinesHovered      = 1.00, 0.43, 0.35, 1.00
PlotHistogram         = 0.90, 0.70, 0.00, 1.00
PlotHistogramHovered  = 1.00, 0.60, 0.00, 1.00
TextSelectedBg        = 0.18431373, 0.39607847, 0.79215693, 0.90
Tab=0.28333334, 0.3029412, 0.31078432, 0.48
TabActive=0.23529413, 0.24705884, 0.25490198, 0.94
TabUnfocused=0.23333334, 0.2529412, 0.26078432, 0.43
TabUnfocusedActive=0.23529413, 0.24705884, 0.25490198, 0.94
TabHovered=0.27058827, 0.27058827, 0.27058827, 0.67
TableHeaderBg=0.28, 0.30, 0.31, 0.48
TableBorderStrong=0.32, 0.32, 0.32, 1.00
TableBorderLight=0.42, 0.42, 0.32, 1.00
TableRowBg=0.23529413, 0.24705884, 0.25490198, 0.5
TableRowBgAlt=0.18529413, 0.19705884, 0.20490198, 0.5
ComputePass=0, 1.0, 0.5, 1